 (0.0 0.0 0.0 310.4070134438759)
 (12.906797439521503 -4.53216307813471 -0.24550800771483275 294.0815755040192)
 (38.77045764828679 -5.389662476364246 -0.2496492463002397 293.92501074420517)
 (64.65766600882314 -5.714071435376632 -0.23768391984626497 293.88065079618093)
 (90.52758612281418 -5.894770175464882 -0.2220381451871685 293.86483739427297)
 (116.41181776665537 -6.015111956960899 -0.20456265732439136 293.86178311434657)
 (142.30310423187268 -6.106074396982666 -0.1855687529049729 293.8661082874645)
 (168.19482378526106 -6.183766830804919 -0.1646764673282294 293.87570543525635)
 (194.08051147356247 -6.259120512599788 -0.14128715443400347 293.88991729484115)
 (219.95582712907344 -6.342831558432461 -0.11417105145971791 293.9091605194344)
 (245.85613215687073 -6.449505857199677 -0.08125876245285626 293.93547146379456)
 (271.7430756961285 -6.606035963316594 -0.03904853174982454 293.97422929243606)
 (297.57879448818875 -6.809369450758312 0.005194433865210519 294.03104016012395)
 (323.47494029236384 -7.00844524221972 0.03574665117968443 294.1027239334485)
 (350.0741818187373 -7.164456613546561 0.05456055778637721 294.1780728426847)
 (378.936090700155 -7.276847075332295 0.07206973156960073 294.2523183270919)
 (412.1686978625647 -7.352324472232298 0.09514129068341667 294.32694111973785)
 (451.8698193901379 -7.396427962651923 0.12789327093743535 294.4028285002905)
 (499.9455424709375 -7.416649733200546 0.17413698030685745 294.4812531274212)
 (558.3870977457035 -7.406621819439013 0.24051721511824317 294.568708435563)
 (629.4820311897595 -7.318067710508 0.3348663783495599 294.68164844355306)
 (715.9618227553588 -7.059380012356545 0.4407018607593919 294.8495367381198)
 (821.0442542328726 -6.538319159145198 0.45807459631940534 295.07833357881907)
 (948.576294871632 -5.820632311923445 0.2890919354960249 295.35365383684143)
 (1103.3328727580158 -5.050500636012101 0.09460561126489808 295.6382042750839)
 (1290.9625108149355 -4.075646593674155 0.24307827098119025 296.0135061721171)
 (1518.1244333815796 -3.0202306526258957 0.6464876833656603 296.7004866166548)
 (1793.029188210986 -2.191840059747381 0.7714231635236051 298.27902524333354)
 (2125.7790169902723 -1.6665641593415874 0.8985848473923758 300.7637609056205)
 (2528.495367782467 -1.937785016234256 0.6614093329634302 303.7777793190696)
 (3014.178379593821 -2.6664817787645276 -0.03389193438596529 307.08199215723465)
 (3591.6165555055613 -1.9797322382488527 -1.134113999283757 310.2698926689211)
 (4254.02951240106 -0.08222615662389743 -0.2542204890009434 313.22975751388174)
 (4970.952674374683 2.124534387418554 1.8305108913582218 315.5367628365509)
 (5701.92078613637 4.382833787232391 1.6366127718948136 317.363917831547)
 (6422.958662686452 6.6910163090248735 0.1596567106663157 319.04069960412903)
 (7128.841901248674 9.231263429665368 -1.507964259829403 320.623094795164)
 (7819.222280471676 11.234455089431163 -3.1204608912802927 322.0978691164127)
 (8494.538317985145 12.649183944729733 -4.462553099167248 323.5360009059433)
 (9155.563209621436 13.46830961477658 -5.103983044131728 325.2065270794325)
 (9802.994708918479 14.31460846209329 -4.8495437859996295 327.0092700296197)
 (10437.212629208667 15.621402783334748 -4.183616326244409 328.55735034784993)
 (11058.844725492681 16.50309210720141 -3.7186189685478683 330.3786898526278)
 (11670.265275451009 15.693910644566717 -3.362781940782366 334.23774605743154)
 (12275.999598413277 12.811443761853146 -2.401159353923699 341.89577893974365)
 (12882.241561135526 9.112844914444223 -1.2799955268105692 353.50695952108083)
